3 0.01 0.00 -0.00
4 -0.19 0.21 -0.89
5 0.23 0.03 0.03
6 0.05 0.01 -0.01

7 -0.06 -0.00 0.01
8 -0.14 -0.09 0.01
9 0.10 -0.13 -0.56
10 -0.05 0.00 0.02

11 -0.04 -0.11 -0.00
12 0.03 -0.10 0.04
13 -0.03 0.64 0.07
14 -0.07 0.03 0.02

0 -0.05 -0.00 0.00

1 -0.00 0.97 -0.00

2 -0.01 -0.02 0.02
3 0.01 0.00 -0.00
4 -0.05 -0.00 0.01
5 0.22 0.04 0.03
6 0.05 0.01 -0.01

7 -0.04 -0.00 0.02

8 -0.03 0.00 0.05
9 0.07 -0.13 -0.55
10 -0.05 0.00 0.02

11 -0.04 -0.13 -0.00
12 0.03 -0.10 0.04
13 -0.09 0.64 0.03
14 -0.06 0.03 0.03

0 -0.01 0.00 -0.01
1 -0.00 0.97 0.01

2 -0.01 -0.02 0.02

3 0.01 0.00 -0.00
4 -0.04 -0.03 0.01
5 0.22 0.03 0.04
6 0.05 0.01 -0.01

7 -0.04 -0.01 0.01

8 -0.04 -0.09 0.08
9 0.06 -0.12 -0.53

10 -0.03 0.00 0.03
11 -0.05 -0.11 -0.00
12 0.02 -0.10 0.05

13 -0.07 0.67 0.03
14 -0.05 0.03 0.01

0 -0.01 0.00 -0.01
1 -0.00 0.97 0.00

2 -0.01 -0.02 0.03
3 0.01 -0.00 -0.02
4 -0.27 0.20 -0.87

5 0.21 0.03 0.06
6 0.04 0.00 0.01
7 -0.06 -0.00 0.01
8 -0.02 -0.08 0.07

9 0.07 -0.14 -0.56
10 -0.03 0.00 0.03
11 -0.08 -0.13 -0.01

12 0.02 -0.01 0.04

13 -0.10 0.66 0.01

14 -0.07 0.03 0.01

0 0.00 0.01 0.00
1 -0.00 0.97 -0.01

2 0.00 -0.01 0.02
3 0.01 -0.00 -0.01
4 -0.04 -0.00 0.02
5 0.22 0.03 0.05
6 0.05 0.00 0.01

7 -0.06 -0.00 0.01

8 -0.07 -0.09 0.08

9 0.05 -0.14 -0.55
10 -0.04 0.00 0.02

11 -0.08 -0.13 -0.01

12 0.01 -0.10 0.05
13 -0.15 0.66 0.06

14 -0.08 0.02 0.01

0 -0.00 0.01 0.00
1 -0.02 0.97 -0.02
2 0.00 -0.01 0.01

3 0.01 0.00 -0.00
4 -0.05 -0.00 -0.00
5 0.23 0.03 0.05
6 0.06 0.01 -0.01

7 -0.07 -0.02 0.01

8 -0.07 -0.09 0.06
9 0.05 -0.12 -0.54
10 -0.04 0.00 0.02

11 -0.10 -0.13 -0.00

12 0.00 -0.02 0.04
13 -0.15 0.65 0.06

14 -0.07 0.03 0.01
0 -0.01 0.00 0.00
1 -0.00 0.97 -0.02

2 0.00 -0.01 0.01

3 0.01 0.00 -0.02
4 -0.04 -0.00 0.02
5 0.20 0.02 0.06

6 0.06 0.01 0.01

7 0.00 0.00 0.01
8 -0.04 -0.08 0.11
9 0.15 -0.12 -0.50

10 -0.11 0.00 0.01
11 -0.12 -0.13 -0.00
12 -0.12 -0.10 0.02
13 -0.27 0.66 -0.01

14 0.01 0.03 0.03
0 -0.01 -0.00 0.00

1 -0.01 0.97 -0.02
2 0.00 0.01 0.02
3 0.01 -0.00 -0.03
4 -0.05 0.00 -0.00

5 0.19 0.03 0.04
6 0.07 -0.00 0.01

7 0.01 0.00 -0.00
8 -0.04 -0.08 0.10
9 0.04 -0.13 -0.53

10 -0.11 -0.00 0.02
11 0.04 -0.11 0.02
12 -0.12 -0.10 0.02
13 -0.27 0.66 -0.04

14 -0.00 0.04 0.00
0 -0.01 0.01 0.01

1 -0.02 0.97 -0.01

2 0.00 -0.01 0.01
3 0.00 -0.03 -0.02
4 -0.06 -0.03 -0.00
5 0.21 0.02 0.06
6 0.05 0.01 0.01
7 0.01 -0.02 0.01

8 -0.04 -0.08 0.10

9 0.04 -0.13 -0.53
10 -0.11 -0.00 0.00
11 0.04 -0.12 0.01
12 -0.12 -0.10 0.02
13 -0.28 0.65 -0.02
14 -0.00 0.03 0.02
0 -0.02 -0.01 0.00
1 -0.03 0.94 -0.02
2 -0.01 -0.02 0.01
3 0.00 0.00 -0.02
4 -0.29 0.20 -0.87
5 0.15 0.03 0.05
6 0.05 0.00 0.01
7 -0.00 -0.01 0.01
8 -0.06 -0.09 0.09
9 0.04 -0.14 -0.53
10 -0.13 -0.01 -0.00
11 0.02 -0.12 0.00
12 -0.11 -0.11 0.00
13 -0.28 0.67 0.01
14 -0.01 0.03 -0.01
0 -0.02 -0.01 -0.02
1 -0.03 0.93 -0.06
2 0.00 -0.01 0.01
3 0.00 -0.04 -0.04
4 -0.30 0.15 -0.88
5 0.16 0.02 0.03
6 0.04 0.02 -0.02
7 0.01 -0.01 -0.02
8 -0.06 -0.09 0.08
9 -0.04 -0.10 -0.52
10 -0.13 -0.01 -0.02
11 0.01 -0.12 0.12
12 -0.14 -0.02 0.02
13 -0.30 0.65 -0.01
14 0.00 0.03 0.00
0 -0.05 -0.02 -0.02
1 -0.00 0.93 -0.02
2 -0.00 -0.02 -0.00
3 0.01 -0.03 -0.00
4 -0.30 0.20 -0.87
5 0.14 0.03 0.08
6 0.03 0.01 0.01
7 0.01 0.00 -0.00
8 -0.06 -0.09 0.09
9 0.13 -0.20 -0.54
10 -0.11 -0.00 -0.01
11 0.02 -0.11 0.12
12 -0.12 -0.11 0.04
13 -0.35 0.67 -0.00
14 -0.02 0.02 0.01

0 -0.04 0.02 0.00
1 -0.03 0.94 -0.02
2 -0.00 -0.01 0.00
3 0.01 0.00 -0.00
4 -0.13 0.22 -0.88
5 0.12 0.02 0.07
6 -0.01 0.02 0.02
7 -0.02 0.00 0.00
8 -0.04 -0.08 0.10
9 0.11 -0.21 -0.49
10 -0.11 -0.01 0.01
11 -0.02 -0.11 0.12
12 -0.16 -0.11 0.04
13 -0.35 0.67 -0.02
14 -0.02 0.03 0.02
0 -0.04 0.02 0.00
1 -0.03 0.97 -0.01
2 -0.00 -0.01 0.00
3 0.01 0.00 -0.02
4 -0.13 0.22 -0.88
5 0.10 -0.01 0.08
6 -0.01 0.02 0.02
7 -0.02 -0.00 0.01
8 -0.06 -0.08 0.07
9 0.09 -0.20 -0.45
10 -0.11 -0.00 0.01
11 -0.04 -0.13 0.12
12 -0.18 -0.02 0.03
13 -3.57 0.62 -1.78
14 -0.03 0.04 0.01
0 -0.04 0.02 -0.03
1 -0.03 0.97 -0.00
2 -0.00 -0.01 0.02
3 0.00 -0.00 -0.03
4 -0.23 0.21 -0.86
5 -0.08 -0.01 0.08
6 -0.04 0.00 -0.02
7 -0.03 0.00 0.02
8 -0.03 -0.09 0.07
9 0.10 -0.21 -0.54
10 -0.13 -0.00 0.10
11 -0.05 -0.11 0.12
12 -2.20 -0.11 -0.80
13 -3.60 0.62 -1.77
14 -0.04 0.02 0.02
0 -0.03 0.01 0.01
1 -0.04 0.97 0.00
2 0.01 -0.01 0.02
3 -0.00 -0.00 -0.02
4 -0.13 0.22 -0.88
5 0.01 0.02 0.10
6 -0.0
7 0.01 -0.01
7 -0.06 0.00 0.02
8 -0.03 -0.08 0.07
9 0.04 -0.20 -0.46
10 -0.17 -0.00 -0.01
11 -0.04 -0.13 -0.00
12 -2.19 -0.11 -0.81
13 -3.56 0.63 -1.75
14 -0.07 0.04 0.03
0 -0.03 -0.01 0.01
1 -0.04 0.97 -0.01
2 -0.00 -0.01 0.03
3 0.00 0.00 -0.02
4 -0.22 0.21 -0.85
5 -0.00 0.00 0.10
6 -0.04 0.01 0.00
7 -0.05 -0.02 0.02
8 -0.04 -0.08 0.08
9 0.03 -0.21 -0.46
10 -0.17 -0.00 -0.01
11 -0.04 -0.13 -0.00
12 -2.21 -0.11 -0.80
13 -3.58 0.63 -1.77
14 -0.05 0.01 0.02
0 -0.05 -0.01 0.00
1 -0.03 0.97 -0.00
2 -0.00 -0.01 0.01
3 0.00 -0.00 -0.03
4 -0.23 0.20 -0.84
5 0.18 0.01 0.11
6 -0.03 -0.00 0.01
7 -0.06 0.00 0.02
8 -0.06 -0.08 0.08
9 0.03 -0.21 -0.46
10 -0.18 -0.00 -0.01
11 -0.05 -0.12 -0.00
12 -2.21 -0.01 -0.82
13 -3.58 0.64 -1.78
14 -0.06 0.03 0.03
0 -0.05 -0.02 -0.02
1 -0.03 0.93 -0.02
2 -0.01 -0.02 0.01
3 0.00 0.00 -0.02
4 -0.13 0.22 -0.87
5 0.17 -0.02 0.11
6 -0.04 0.01 -0.00
7 -0.07 0.00 0.02
8 -0.03 -0.08 0.07
9 0.03 -0.20 -0.46
10 -0.18 -0.01 -0.01
11 -0.06 -0.12 -
0.00
12 -2.22 -0.11 -0.80
13 -3.55 0.64 -1.76
14 -0.05 0.03 0.03
0 -0.03 -0.01 0.01
1 -0.03 0.97 -0.00
2 0.00 -0.01 0.03
3 0.00 -0.01 -0.03
4 -0.22 0.21 -0.85
5 -0.02 -0.02 0.10
6 -0.45 0.12 0.04
7 -0.05 -0.00 0.02
8 -0.08 -0.09 0.07
9 0.00 -0.20 -0.47
10 -0.18 -0.01 -0.01
11 -0.05 -0.12 0.00
12 -2.23 -0.12 -0.80
13 -3.57 0.64 -1.76
14 -0.17 0.10 -0.54
0 -0.09 0.06 0.48
1 -0.03 0.97 -0.01
2 0.00 -0.01 0.03
3 -0.01 -0.01 -0.02
4 -0.15 0.22 -0.87
5 0.18 -0.02 0.11
6 -0.45 0.12 0.04
7 -0.05 -0.00 0.04
8 -0.01 -0.10 -0.09
9 0.04 -0.21 -0.56
10 -0.20 -0.00 0.09
11 -0.08 -0.11 0.12
12 -2.24 -0.12 -0.77
13 -3.61 0.62 -1.71
14 -0.07 0.03 0.03
0 -0.05 -0.01 -0.01
1 0.06 0.97 -0.02
2 -0.00 -0.01 0.01
3 -0.00 -0.00 -0.02
4 -0.15 0.22 -0.88
5 0.16 -0.01 0.10
6 -0.45 0.12 0.05
7 -0.06 -0.00 0.04
8 -0.11 -0.08 0.07
9 0.01 -0.20 -0.47
10 -0.18 -0.00 0.01
11 -0.08 -0.12 0.00
12 -2.22 -0.11 -0.81
13 -3.59 0.64 -1.75
14 -0.09 0.03 0.01
0 -0.08 -0.02 -0.02
1 0.06 0.97 -0.01
2 0
.00 -0.01 0.00
3 0.01 0.00 -0.03
4 -0.16 0.20 -0.86
5 0.10 -0.02 0.10
6 -0.45 0.11 0.05
7 -0.08 -0.01 0.01
8 -0.04 -0.10 -0.11
9 0.04 -0.20 -0.46
10 -0.19 -0.01 0.09
11 -0.10 -0.12 0.12
12 -2.24 -0.11 -0.77
13 -3.64 0.64 -1.73
14 -0.08 0.03 0.04
0 -0.07 -0.01 -0.02
1 0.06 0.97 -0.02
2 0.00 -0.01 0.00
3 0.01 0.00 -0.03
4 -0.16 0.22 -0.89
5 0.10 -0.03 0.13
6 -0.45 0.12 0.04
7 -0.08 -0.01 0.02
8 -0.04 -0.10 -0.11
9 0.03 -0.21 -0.46
10 -0.18 -0.00 0.01
11 -0.08 -0.13 0.00
12 -2.23 -0.02 -0.80
13 -3.63 0.64 -1.76
14 -0.09 0.03 0.02
0 0.00 0.00 -0.02
1 0.06 0.94 -0.02
2 0.00 -0.01 0.03
3 0.01 0.00 -0.03
4 -0.16 0.21 -0.86
5 -0.05 -0.02 0.13
6 -0.45 0.12 0.05
7 -0.08 -0.00 0.02
8 -0.04 -0.10 -0.11
9 0.04 -0.20 -0.46
10 -0.20 -0.00 -0.00
11 -0.12 -0.12 -0.01
12 -2.24 -0.11 -0.80
13 -3.64 0.62 -1.78
14 -0.09 0.03 0.02
0 -0.08 -0.02 -0.02
1 0.06 0.97 -0.02
2 -0.00 -0.01 0.01
3 0.01 0.00 -0.03
4 -0.16 0.22 -0.88
5 0.07 -0.03 0.13
6 -0.46 0.12 0.04
7 -0.08 -0.00 0.02
8 -
0.06 0.00 -0.15
9 0.07 -0.21 -0.55
10 -0.21 -0.00 0.09
11 -0.15 -0.12 0.11
12 -2.28 -0.01 -0.77
13 -3.66 0.64 -1.74
14 -0.09 0.02 0.04
0 0.00 0.00 -0.01
1 0.03 0.97 -0.02
2 0.00 -0.01 0.00
3 0.01 -0.03 0.00
4 -0.18 0.21 -0.86
5 0.07 -0.03 0.14
6 -0.45 0.12 0.05
7 -0.08 -0.00 0.04
8 -0.15 -0.09 0.06
9 0.04 -0.20 -0.45
10 -0.21 -0.01 0.09
11 -0.15 -0.12 0.11
12 -2.29 -0.01 -0.80
13 -3.69 0.64 -1.77
14 -0.11 0.03 0.03
0 0.02 0.01 0.01
1 0.03 0.97 -0.02
2 0.02 0.01 0.02
3 -0.01 -0.01 -0.01
4 -0.29 0.17 -0.83
5 -0.08 -0.01 0.15
6 -0.51 0.14 0.03
7 -0.10 0.00 0.03
8 -0.07 -0.01 -0.13
9 0.04 -0.25 -0.45
10 -0.20 -0.00 0.01
11 -0.16 -0.24 -0.00
12 -2.29 -0.01 -0.80
13 -3.72 0.64 -1.79
14 -0.11 0.04 0.02
0 0.02 0.01 -0.00
1 0.02 0.97 -0.02
2 -0.00 -0.01 0.02
3 -0.01 -0.01 -0.01
4 -0.33 0.14 -0.84
5 -0.10 -0.03 0.15
6 -0.49 0.13 0.03
7 -0.12 0.00 0.03
8 -0.07 -0.01 -0.16
9 0.03 -0.20 -0.46
10 -0.20 -0.00 -0.01
11 -0.18 -0.24 -0.01
12 -2.30 -0.11 -0.81
13 -3.72 0.64 -1.7
9
14 -0.13 0.03 0.03
0 0.03 0.02 -0.01
1 0.06 0.97 -0.02
2 0.01 0.01 0.02
3 -0.00 -0.00 -0.01
4 -0.32 0.18 -0.84
5 -0.10 -0.03 0.14
6 -0.49 0.13 0.02
7 -0.12 0.00 0.02
8 -0.10 -0.01 -0.14
9 0.03 -0.20 -0.47
10 -0.20 -0.00 0.01
11 -0.18 -0.24 -0.02
12 -2.31 -0.11 -0.81

13 -4.12 0.65 -1.18
14 -0.13 0.03 0.02

0 0.03 0.02 -0.02
1 0.06 0.97 -0.02
2 -0.09 -0.04 0.03
3 -0.06 -0.04 -0.03

4 -0.33 0.18 -0.84
5 -0.10 -0.02 0.13
6 -0.49 0.13 0.02
7 0.00 0.00 0.01

8 -0.32 -0.03 -0.25
9 0.10 -0.20 -0.44
10 -0.23 -0.01 0.00
11 -0.28 -0.24 -0.01

12 -2.16 -0.11 -0.90
13 -3.97 0.65 -1.09
14 -0.01 0.03 0.00

0 0.01 0.00 -0.02

1 0.06 0.94 -0.02

2 -0.09 -0.06 0.02
3 -0.08 -0.05 -0.00
4 -0.34 0.17 -0.85

5 -0.44 -0.01 0.15
6 -0.49 0.14 0.03
7 0.00 0.00 0.01
8 -0.32 -0.03 -0.26

9 0.10 -0.20 -0.43
10 -0.23 -0.00 -0.01
11 -0.28 -0.24 -0.01
12 -2.15 -0.02 -0.90

13 -3.98 0.65 -1.10

14 -0.00 0.03 0.03

0 0.01 0.02 0.01
1 0.05 0.95 -0.02
2 -0.08 -0.04 0.02

3 -0.07 -0.03 0.01
4 -0.34 0.18 -0.84
5 -0.44 -0.02 0.14
6 -0.49 0.14 0.03
7 -0.01 0.00 0.03

8 -0.41 -0.11 -0.09
9 0.10 -0.21 -0.44
10 -0.24 -0.00 -0.00

11 -0.30 -0.24 -0.00
12 -2.20 -0.02 -0.76
13 -4.00 0.64 -1.11
14 -0.02 0.02 0.03

0 0.02 0.02 -0.02

1 0.05 0.96 -0.01
2 0.01 0.01 0.01

3 -0.07 -0.02 -0.03
4 -0.33 0.16 -0.82
5 -0.44 -0.02 0.17
6 -0.50 0.15 0.03
7 -0.01 -0.01 -0.00

8 -0.32 -0.12 -0.24
9 0.12 -0.20 -0.54
10 -0.25 -0.00 0.09

11 -0.28 -0.25 -0.00

12 -2.15 -0.11 -0.89
13 -4.03 0.64 -1.09

14 -0.03 0.03 0.01

0 0.03 0.02 0.00
1 0.04 0.96 -0.02
2 0.00 0.01 0.01

3 -0.08 -0.02 -0.00

4 -0.35 0.16 -0.85
5 -0.45 -0.02 0.17
6 -0.51 0.14 0.02

7 0.00 -0.01 -0.00

8 -0.35 -0.03 -0.28
9 0.07 -0.20 -0.45
10 -0.26 -0.01 -0.00

11 -0.32 -0.24 -0.01
12 -2.16 -0.11 -0.89
13 -3.99 0.65 -1.06
14 -0.01 0.03 0.00

0 0.02 0.01 -0.01

1 0.06 0.97 -0.01

2 -0.00 0.00 0.01
3 -0.05 -0.01 -0.00
4 -0.34 0.15 -0.82
5 -0.46 -0.02 0.18

6 -0.52 0.15 0.02

7 -0.03 0.00 0.03

8 -0.43 -0.11 -0.11

9 0.08 -0.21 -0.55

10 -0.27 -0.00 0.09

11 -0.35 -0.24 0.10
12 -2.18 -0.02 -0.91

13 -4.00 0.64 -1.11
14 -0.03 0.03 0.04
0 0.02 0.01 -0.01

1 0.06 0.97 -0.02
2 -0.08 -0.04 0.03
3 -0.06 -0.02 -0.02

4 -0.22 0.20 -0.80
5 -0.44 -0.03 0.17
6 -0.51 0.16 0.02

7 0.01 0.00 0.04

8 -0.47 -0.02 -0.16

9 0.13 -0.20 -0.54
10 -0.30 -0.00 0.08
11 0.02 -0.23 0.13

12 -2.15 -0.01 -0.90
13 -4.00 0.65 -1.11
14 -0.04 0.04 0.02

0 0.00 0.01 -0.01
1 0.06 0.95 -0.02
2 -0.09 -0.05 0.02

3 -0.06 -0.01 -0.03
4 -0.21 0.20 -0.80
5 -0.46 -0.00 0.18

6 -0.52 0.15 0.02
7 -0.03 0.00 0.04

8 -0.47 -0.01 -0.16

9 0.13 -0.20 -0.53
10 -0.28 -0.00 0.08

11 0.02 -0.23 0.14
12 -2.19 -0.02 -0.90
13 -4.00 0.65 -1.11

14 -0.03 0.04 0.04

0 0.00 0.01 -0.02

1 0.06 0.97 -0.02

2 -0.01 -0.01 0.01

3 -0.05 -0.01 -0.00
4 -0.21 0.20 -0.80
5 -0.46 -0.00 0.18
6 -0.50 0.16 0.02

7 -0.03 0.00 0.03

8 -0.39 -0.01 -0.11
9 0.11 -0.21 -0.54

10 -0.28 -0.00 0.08

11 0.01 -0.23 0.13

12 -2.20 -0.02 -0.91

13 -4.04 0.65 -1.13
14 -0.03 0.02 0.04

0 -0.02 0.02 -0.02
1 0.06 0.97 -0.01
2 -0.02 -0.01 0.02
3 -0.08 -0.04 -0.03

4 -0.13 0.19 -0.81

5 -0.36 -0.02 0.20
6 -0.49 0.14 0.00

7 -0.03 -0.01 0.03
8 -0.41 -0.01 -0.12
9 0.11 -0.21 -0.54

10 -0.28 -0.00 0.08

11 0.02 -0.23 0.13

12 -2.20 -0.02 -0.91
13 -4.05 0.65 -1.14

14 -0.03 0.02 0.04

12 -0.27 0.17 -0.08

13 -0.36 -0.01 0.08

14 -0.08 -0.00 0.00

0 -0.73 -0.17 0.02

1 -0.09 0.01 -0.06
2 -0.18 -0.10 0.02
3 -0.06 -0.00 0.02
4 -0.84 -0.21 0.01

5 0.05 -0.53 -0.01
6 0.15 -0.06 -0.00
7 -0.08 -0.22 -0.02
8 0.36 0.06 0.25

9 0.88 0.02 0.33

10 2.80 -1.94 0.22
11 0.00 -0.00 -0.02
12 -0.26 0.17 -0.08

13 -1.39 -0.02 -0.44

14 -0.19 -0.00 0.02
0 -0.67 -0.15 0.06
1 -0.23 0.01 0.00
2 -0.19 -0.10 0.02

3 -0.11 -0.01 0.03
4 -2.51 0.93 -3.91
5 -0.18 -0.54 -0.01
6 0.39 -0.50 -0.05
7 -0.19 0.00 0.02

8 0.36 0.06 0.25
9 0.88 0.03 0.33
10 2.80 -1.94 0.23

11 0.00 -0.00 -0.02
12 -0.28 0.17 -0.08
13 -1.39 -0.01 -0.46
14 -0.19 -0.00 0.02

0 -0.66 -0.15 0.01

1 -0.23 0.01 0.01
2 -0.19 -0.10 0.02
3 -0.09 -0.02 0.43
4 -2.54 0.85 -3.94
5 -0.18 -0.54 -0.00

6 0.24 -0.09 -0.00
7 -0.19 -0.22 -0.00
8 0.26 -0.16 0.19
9 0.88 0.02 0.33

10 -0.40 26.68 -0.90
11 -0.01 -0.24 0.01
12 -0.38 0.17 -0.17
13 -1.41 -0.02 -0.44

14 -0.19 -0.23 0.01

0 -0.72 -0.42 0.06
1 -0.23 0.36 -0.00
2 -0.36 -0.42 -0.01
3 -0.02 0.24 0.44
4 -2.54 0.86 -3.93

5 1.40 -0.07 0.13

6 0.23 -0.07 -0.01
7 -0.19 -0.22 -0.00
8 0.25 0.01 0.14

9 0.88 0.02 0.33
10 0.31 28.65 0.03
11 0.01 -0.24 -0.02
12 -0.41 0.18 -0.13

13 -1.41 -0.02 -0.47
14 -0.20 -0.23 -0.01

0 -0.66 -0.15 0.02

1 -0.24 0.01 -0.05

2 -0.36 -0.42 -0.02

3 -0.03 0.23 0.43
4 -2.54 0.85 -3.93
5 1.39 -0.57 -0.02
6 0.23 -0.08 -0.00
7 -0.19 -0.22 -0.00

8 0.23 -0.15 0.20
9 0.88 -0.14 0.36
10 -0.19 0.06 -0.14
11 -0.04 -0.00 -0.01

12 -0.17 -0.04 -0.85
13 -1.38 -0.02 -0.45
14 -0.19 -0.00 0.02

0 -0.66 -0.15 0.01
1 -0.25 0.01 0.00
2 -0.19 -0.10 0.02

3 -0.09 -0.02 0.42

4 -2.55 0.85 -3.93
5 1.40 -0.06 0.11

6 0.37 -0.50 -0.05
7 -0.18 -0.21 0.02

8 0.25 0.02 0.13

9 0.86 -0.14 0.32
10 -0.15 -0.07 -0.12
11 0.00 -0.00 -0.02

12 -0.17 0.01 -0.85
13 -1.38 -0.10 -0.45

14 -0.19 -0.00 0.02

0 -0.73 -0.42 0.10
1 -0.25 0.38 0.00
2 -0.20 -0.11 0.02
3 -0.10 -0.02 0.43
4 -2.52 0.93 -3.91

5 1.40 -0.58 -0.02
6 0.38 -0.51 0.01
7 -0.19 0.01 0.02

8 0.18 -0.15 0.22
9 0.89 0.02 0.34
10 -0.18 0.04 -0.12
11 -0.01 -0.24 0.01

12 -0.17 -0.04 -0.85

13 -1.44 -0.02 -0.47

14 -0.19 -0.00 0.02

0 -0.67 -0.15 0.07
1 -0.25 0.01 0.00

2 -0.20 -0.12 0.02
3 -0.10 -0.03 0.43

4 -2.51 0.93 -3.90
5 1.37 -0.57 -0.03

6 0.38 -0.51 0.01

7 -0.19 0.01 0.02

8 0.16 -0.15 0.22
9 0.88 0.02 0.35

10 -0.20 -1.72 0.01

11 -0.04 -0.24 -0.00

12 -0.17 -0.05 -0.86

13 -1.41 -0.01 -0.44
14 -0.19 -0.00 0.02

0 -0.67 -0.14 0.06
1 -0.23 0.01 -0.06

2 -0.20 -0.11 0.02
3 -0.10 -0.03 0.42
4 -2.53 0.93 -3.91
5 1.37 -0.57 -0.03
6 0.38 -0.51 0.01

7 -0.18 0.01 0.05

8 0.15 -0.13 0.36

9 0.89 0.03 0.34
10 -0.18 -1.72 0.01

11 -0.03 -0.24 -0.02

12 -0.17 -0.04 -0.86
13 -1.38 -0.02 -0.45
14 -0.19 -0.00 0.02

2 0.04 0.00 -0.21
3 -0.13 -0.01 0.42
4 -0.13 0.07 -0.35

5 -0.04 0.05 0.27
6 0.03 0.00 -0.14
7 0.24 0.05 -0.34
8 -0.31 -0.05 0.03

9 -0.17 0.04 -0.23

10 0.51 0.22 -0.04

11 0.52 -0.18 -0.09
12 -0.54 -0.02 0.02

13 0.06 -0.03 -0.00

14 0.23 0.04 -0.33

0 0.05 -0.10 0.40

1 0.02 -0.02 0.22

2 0.05 0.01 -0.23
3 -0.14 -0.01 0.40

4 -0.12 0.08 -0.38
5 -0.05 0.05 0.25
6 0.03 0.02 -0.15
7 -33.00 191.95 -55.01

8 -0.31 -0.05 0.01
9 -0.17 0.04 -0.23
10 0.58 -0.44 -0.02
11 0.50 -0.14 -0.13

12 -0.54 -0.03 0.02

13 0.06 0.01 -0.00
14 0.26 0.10 -0.34

0 0.05 -0.08 0.38

1 0.02 -0.00 0.23

2 0.06 0.01 -0.24
3 -0.13 -0.00 0.40

4 -0.11 0.08 -0.35
5 -0.05 0.07 0.25
6 0.03 -0.04 -0.16
7 -0.00 -0.03 -0.25

8 0.01 0.01 0.01

9 -0.11 0.04 -0.23
10 0.54 -0.08 -0.01

11 0.52 -0.18 -0.09
12 -0.54 -0.02 0.05
13 0.05 0.02 -0.02
14 0.24 0.05 -0.32

0 0.06 -0.08 0.38
1 0.02 -0.01 0.24

2 0.05 0.01 -0.23
3 -0.14 -0.01 0.41
4 -0.12 0.08 -0.37
5 -0.06 0.07 0.26
6 0.02 0.02 -0.16

7 -0.02 -0.03 -0.24

8 0.02 0.00 0.02
9 -0.11 0.04 -0.23
10 0.52 -0.02 -0.03

11 0.06 -0.06 0.00
12 -0.10 0.00 0.02
13 -0.02 0.04 0.02

14 0.23 0.05 -0.34
0 0.04 -0.09 0.39

1 0.02 -0.01 0.22
2 0.05 0.01 -0.22
3 -0.14 -0.01 0.40
4 -0.12 0.07 -0.37
5 -0.04 0.07 0.26

6 -0.04 0.02 -0.15
7 0.24 0.05 -0.35
8 -0.31 -0.05 0.01
9 -0.13 0.05 0.01

10 -0.08 -0.06 0.02
11 0.52 -0.19 -0.10
12 -0.54 -0.02 0.04

13 0.07 -0.03 0.01
14 0.23 0.05 -0.34

0 0.04 -0.08 0.39

1 0.01 -0.01 0.23
2 0.05 0.00 -0.22
3 -0.14 -0.01 0.41
4 -0.11 0.08 -0.35

5 -0.07 0.07 0.25

6 -0.04 0.02 -0.15

7 0.27 0.10 -0.35
8 -0.29 0.02 0.02

9 -0.17 0.04 -0.22
10 -0.09 -0.00 0.02
11 0.50 -0.15 -0.11

12 -0.55 -0.06 0.04
13 0.07 -0.02 0.00
14 0.24 0.05 -0.34

0 0.05 -0.09 0.40

1 0.02 -0.00 0.24
2 0.05 0.01 -0.23

3 -0.14 -0.01 0.40

4 -0.12 0.08 -0.37

5 -0.07 0.07 0.26
6 -0.04 0.02 -0.15

7 -0.03 -0.03 -0.23

8 -0.00 0.06 -0.01

9 -0.11 -0.02 -0.23
10 0.51 -0.08 -0.04

11 0.02 -0.06 0.01
12 -0.12 0.00 0.02
13 -0.03 0.05 0.01
14 -0.03 -0.03 -0.23

0 0.04 -0.09 0.41
1 0.00 -0.01 0.23

2 0.05 0.00 -0.23

3 0.04 0.09 0.29

4 -0.12 0.07 -0.38
5 -0.07 0.07 0.25

6 -0.05 0.02 -0.15

7 -0.02 -0.03 -0.23

8 -0.02 0.00 -0.01
9 -0.08 -0.00 0.01

10 0.52 -0.08 -0.03
11 -0.00 -0.03 0.02
12 -0.12 -0.04 -0.00
13 -0.03 0.01 0.02

14 -0.01 0.02 -0.22
0 0.06 -0.08 0.38

1 0.04 0.05 0.24
2 0.05 0.01 -0.22
3 0.04 0.08 0.27

4 -0.14 0.07 -0.38
5 -0.08 0.07 0.28
6 -0.04 0.02 -0.16
7 -0.01 0.02 -0.22

8 -0.02 0.00 0.00

9 -0.08 0.05 0.00
10 0.51 -0.08 -0.03

11 -0.03 -0.01 0.03

12 -0.11 -0.04 -0.00
13 0.06 0.03 0.00
14 -0.03 0.01 -0.22

0 0.05 -0.09 0.38

1 0.02 -0.00 0.23

2 0.17 0.07 -0.28
3 -0.14 -0.02 0.39
4 -0.14 0.07 -0.38
5 -0.08 0.06 0.26

6 -0.04 0.02 -0.15
7 0.24 0.05 -0.35
8 -0.30 0.01 0.02
9 -0.13 0.05 0.01

10 -0.08 -0.05 0.02
11 0.51 -0.18 -0.10
12 -0.54 -0.02 0.01

13 0.05 0.02 -0.01
14 0.24 0.05 -0.34

0 0.04 -0.10 0.40

1 -0.00 -0.02 0.25
2 0.15 0.05 -0.29
3 -0.16 -0.03 0.40
4 -0.11 0.08 -0.36

5 -0.09 0.05 0.26

6 -0.04 0.01 -0.15
7 0.26 0.09 -0.33

8 -0.29 0.01 0.04

9 -0.12 -0.01 0.01
10 -0.07 -0.14 0.04

11 -0.06 -0.03 0.02
12 -0.54 -0.02 0.05
13 0.06 0.03 0.01
14 0.24 0.05 -0.32

0 0.04 -0.10 0.39
1 -0.00 -0.02 0.24
2 0.15 0.06 -0.27

3 -0.16 -0.03 0.40
4 -0.09 0.08 -0.34
5 -1.55 0.05 0.08

6 -0.04 0.02 -0.15

7 0.24 0.05 -0.35
8 -0.30 0.01 0.03
9 -0.12 -0.02 0.01

10 -0.08 -0.05 0.01
11 -0.05 -0.03 0.02
12 -0.54 -0.02 0.01

13 0.07 -0.03 0.01
14 0.23 0.05 -0.35

0 0.06 -0.08 0.40

1 -0.00 -0.01 0.23

2 0.16 0.07 -0.26
3 -0.15 -0.01 0.42

4 -0.09 0.09 -0.34

5 -1.56 0.05 0.07
6 -0.05 0.02 -0.16
7 -0.05 -0.04 -0.23

8 -0.04 0.05 -0.00

9 -0.06 -0.01 0.01
10 0.51 -0.15 -0.03

11 0.46 -0.17 -0.09
12 -0.12 0.00 -0.00
13 -0.10 0.01 0.03

14 -0.06 -0.04 -0.21

0 -0.09 -0.13 0.45

1 0.04 0.05 0.24
2 0.14 0.06 -0.25

3 0.06 0.11 0.25
4 -0.15 0.07 -0.39

5 -0.11 0.07 0.27

6 0.03 -0.04 -0.16
7 0.25 0.06 -0.35

8 -0.31 -0.05 0.02
9 -0.13 0.05 0.03
10 0.16 3.81 -0.10
11 -13.73 29.42 -11.70

12 3.14 2.50 -0.18
13 0.08 -0.03 0.02
14 0.24 0.05 -0.33

0 -0.02 -0.01 -0.01
1 -0.01 0.02 -0.00
2 0.11 0.06 -0.07
3 -0.02 0.04 0.03

4 0.02 0.06 0.02

5 -1.54 -0.02 -0.19
6 -0.05 -0.03 -0.01
7 0.24 0.10 -0.11

8 -8.18 -23.75 -1.32

9 3.49 -1.03 -0.77
10 0.04 4.66 -0.58
11 -12.08 22.63 -12.05

12 -47.75 -43.25 -2.86

13 0.08 -0.08 0.04
14 -0.05 -0.01 0.02

0 -0.01 -0.02 0.00
1 0.01 0.04 -0.01
2 0.11 0.10 -0.05

3 -0.02 0.00 0.02
4 0.01 0.01 0.01
5 -1.53 -0.01 -0.19
6 -0.08 0.02 -0.01

7 0.24 0.10 -0.11
8 -145.51 -49.04 -4.95
9 5.47 -18.05 0.54
10 -0.59 4.85 -0.57

11 0.92 -1.03 0.37

12 -17.14 -9.81 -5.29

13 0.23 -0.53 0.18

14 0.24 0.09 -0.08

0 -0.00 -0.00 -0.01
1 -0.02 -0.00 0.00

2 0.11 0.09 -0.07
3 -0.04 -0.01 0.03
4 0.01 0.01 0.00
5 -1.56 -0.01 -0.20

6 -0.09 0.01 -0.01

7 0.23 0.04 -0.11

8 -21.58 -38.09 13.25

9 3.55 -2.15 -0.82
10 -0.59 4.82 -0.55
11 -1.70 -1.23 0.81
12 -21.29 -4.74 -6.92
13 -0.34 15.41 -5.01

14 0.24 0.09 -0.10
0 -0.02 -0.00 -0.00

1 -0.02 0.01 -0.00
2 0.13 0.10 -0.06
3 -0.03 0.03 0.03
4 0.02 0.05 0.02

5 -1.56 -0.03 -0.19
6 0.28 -0.56 -0.15

7 19.71 4.32 12.59

8 -25.04 -31.90 11.58
9 3.02 -1.98 0.07
10 0.67 -1.85 -0.25
11 1.10 -1.50 0.47

12 -174.00 -17.32 -65.70
13 -0.23 15.50 -5.27
14 2.04 -0.92 -8.33

0 21.92 42.20 -1.02

1 -26.19 -12.35 -14.63
2 -38.54 23.14 -14.08
3 31.50 36.98 10.74

4 12.99 -52.26 -16.40

5 -25.51 -70.30 25.56
6 73.97 -69.14 -41.35
7 -72.46 11.76 8.71

8 -20.72 -11.63 -6.72

9 2.27 7.56 -0.60
10 0.05 -0.24 -0.25

11 -1.44 -0.07 -1.52

12 -174.31 -0.16 -40.69
13 -0.15 15.69 -5.31
14 -143.36 29.89 25.58

0 -141.19 15.48 39.98
1 -157.35 27.59 27.67
2 -112.54 31.26 -29.23

3 -126.03 13.85 19.13

4 62.36 -82.49 -32.89

5 185.49 -132.48 98.77
6 102.17 -75.23 -72.14
7 -149.54 34.36 26.66
8 -18.74 -3.56 -14.92
9 -0.04 -0.25 0.32
10 0.43 0.41 -0.51
11 -1.29 -0.12 -1.59

12 -168.13 -11.67 -31.32
13 0.16 15.36 -5.05
14 -131.19 18.50 27.05

0 -151.64 29.32 38.56
1 -139.39 26.43 26.65

2 -137.99 36.19 50.17
3 -122.72 23.49 48.69
4 63.85 -88.59 -27.12
5 -135.42 -24.00 -0.97
6 90.82 -68.32 -60.19

7 -144.97 21.66 37.56

8 -28.85 -37.78 -16.10
9 -0.17 1.76 0.18

10 -0.20 0.55 -0.44
11 -1.31 -0.12 -1.59
12 -114.30 -36.42 -28.87
13 0.13 15.55 -5.02

14 -143.79 23.30 37.97

0 -151.47 34.50 43.11
1 -135.68 29.63 33.94
2 -137.34 38.91 50.14

3 -121.60 26.49 48.46

4 59.44 -87.94 -23.05
5 -141.00 -32.23 77.99
6 87.75 -67.89 -56.94
7 -143.07 24.48 37.90

8 -30.47 -36.48 -15.24
9 1.43 -20.98 -8.86

10 -0.20 0.55 -0.43

11 -1.27 -0.12 -1.53
12 -126.93 -45.30 -17.11
13 -1.92 14.76 -3.83

14 4.08 2.86 17.52

0 -11.14 -4.75 11.44
1 -41.10 -12.49 19.66

2 0.37 3.26 -8.58
3 214.47 -128.41 205.79
4 -45.06 14.78 3.56
5 -120.86 -172.38 -103.06

6 -32.90 35.02 -19.08

7 6.22 21.14 22.79
8 -32.74 1.22 -3.07
9 -16.77 -19.35 6.31

10 4.15 -30.67 10.97

11 -1.52 -0.00 -1.49
12 -11.45 -29.71 -12.83

13 0.31 -0.28 0.39

14 8.05 28.83 22.00

0 2.57 20.51 20.47
1 -6.67 20.09 10.54
2 5.60 21.73 -4.19
3 216.34 -85.31 193.06
4 -29.46 17.18 -10.52

5 -133.96 -175.58 -102.98
6 -37.42 20.86 -13.37
7 26.83 25.33 13.57
8 0.64 1.95 -0.62

9 -16.14 -22.69 6.59
10 -2.27 2.53 -0.61
11 -3.50 1.36 -1.01

12 -11.88 -32.98 -12.46

13 5.26 -8.37 2.72
14 24.30 21.65 13.81

0 7.76 14.40 10.54

1 4.31 0.22 0.54
2 15.82 12.53 -17.87
3 -128.93 -96.28 176.35

4 -39.75 -8.90 -2.36
5 -108.36 -163.92 -114.90
6 -39.83 14.51 -7.60
7 17.86 5.36 4.65
8 0.59 1.60 0.09

9 -13.48 -23.03 5.55
10 -2.81 1.60 -0.57
11 -18.57 7.71 0.83
12 -18.76 -33.87 -22.96

13 0.08 15.70 -5.10
14 19.78 4.73 3.62
0 -1.20 9.51 9.77
1 5.57 -1.29 -1.29
2 12.64 10.72 -17.47
3 -126.79 -92.56 181.15

4 -45.30 -13.11 -2.47
5 -105.52 -168.11 -115.48
6 -40.62 14.68 -9.93
7 19.32 3.55 3.39
8 0.31 1.46 -0.61

9 -13.51 -22.92 5.47
10 -2.73 1.86 0.20
11 -17.41 3.52 2.17

12 -16.26 -34.77 -12.18
13 1.72 -6.85 2.71
14 19.39 2.96 3.45

0 -1.79 8.32 5.38
1 5.44 -2.97 -0.72
2 12.86 11.21 -20.82

3 -119.14 -85.69 171.57
4 -44.92 -13.92 -6.64
5 -110.28 -163.04 -114.23
6 -40.75 12.91 -11.56
7 18.85 2.44 2.96

8 0.31 1.37 -0.59

9 -13.56 -22.95 5.50
10 -2.72 2.45 -0.13
11 -17.14 3.31 3.04

12 -12.01 -34.39 -13.06
13 -0.72 17.17 -6.07
14 18.63 2.19 2.90

0 -2.97 7.39 4.44
1 4.24 -4.53 -2.09

2 12.65 11.05 -20.79
3 -118.10 -84.80 170.48
4 -45.84 -15.85 -5.78
5 -101.53 -163.52 -117.67

6 -41.21 13.90 -12.06
7 19.08 1.87 3.46
8 0.32 1.38 -0.37
9 -13.59 -22.93 5.50

10 0.36 1.18 -0.04
11 -17.10 3.21 3.08
12 -29.17 -36.58 -13.00

13 -2.79 18.18 -5.62
14 18.93 1.82 3.22

0 -3.19 7.49 4.27

1 4.39 -4.65 -2.30
2 12.46 10.93 -20.77
3 -118.10 -84.85 170.79
4 -46.23 -15.74 -5.89

5 -101.73 -163.54 -117.62

6 -41.17 13.63 -12.18
7 18.87 1.71 3.25
8 0.30 1.37 -0.36

9 -13.62 -22.92 5.51
10 0.33 1.16 -0.05

11 -17.11 3.20 3.11
12 -22.94 -36.16 -14.80
13 -2.65 18.05 -5.56

14 18.78 1.60 3.19
0 -3.40 7.46 4.20

1 4.33 -4.91 -2.23

2 12.42 10.90 -20.75

3 -118.30 -84.87 170.82
4 -46.28 -16.03 -6.22
5 -102.25 -163.41 -117.46
6 -41.24 13.60 -11.88
7 18.72 1.60 2.99

8 0.29 1.35 -0.40
9 -13.63 -22.93 5.52
10 0.25 1.32 -0.24
11 -17.11 3.22 3.15

9 -1.91 1.46 0.38
10 -0.04 0.03 -0.02
11 3.86 3.15 -4.60

12 -0.04 -0.04 0.02

13 1.61 0.38 -1.00

14 -0.01 0.08 -0.01

0 -0.51 -0.18 0.01

1 -0.03 -0.04 -0.01

2 -0.00 0.00 0.01
3 -0.04 0.15 -0.13

4 -0.05 -0.10 -0.02

5 -0.04 -0.01 0.00
6 -0.06 -0.01 0.06
7 -0.04 -0.02 -0.07

8 -5.30 -6.17 -1.32
9 -1.92 1.50 0.33
10 -0.01 -0.02 0.06
11 3.86 3.13 -4.52

12 -0.04 -0.05 0.02
13 1.59 0.39 -1.07
14 -0.03 -0.01 0.01

0 -0.48 -0.09 0.03
1 -0.03 -0.01 -0.00
2 0.00 0.00 0.00

3 0.10 0.02 -0.12
4 -0.03 -0.01 0.03

5 -0.06 -0.01 0.00
6 -0.06 0.07 0.07

7 -0.03 0.06 0.01
8 -5.39 -6.64 -1.77
9 -1.92 1.51 0.40
10 0.32 8.56 -0.47

11 -1.79 4.14 -5.30

12 -0.04 -0.05 0.00
13 1.66 0.38 -1.08

14 -0.04 -0.01 -0.01
0 -0.48 -0.09 0.01
1 -0.05 -0.04 0.01

2 0.10 0.18 -0.02
3 -0.06 0.16 -0.11
4 -0.03 -0.01 0.01

5 -0.07 -0.01 0.02
6 -0.08 0.06 0.07
7 -0.03 0.06 0.01

8 -1.78 -0.17 1.66

9 -1.98 1.86 -0.13

10 -3.41 9.05 -2.16
11 3.84 3.19 -4.60

12 -0.05 0.02 0.08
13 1.65 0.38 -1.07
14 -0.04 0.07 -0.07

0 -0.09 -0.09 -0.04
1 -0.00 -0.03 0.05

2 0.10 0.18 -0.03
3 -0.07 0.15 -0.11
4 -0.03 -0.01 0.01
5 -0.09 0.01 0.03
6 0.03 -0.02 0.06

7 0.02 -0.02 -0.02
8 0.91 -6.03 -0.46
9 -1.85 1.49 0.36
10 -1.75 -0.65 -0.61

11 3.79 3.19 -4.50
12 -0.04 -0.07 0.09
13 1.66 0.38 -1.09
14 -0.03 -0.01 -0.01

0 0.05 0.04 0.00

1 11.67 3.07 4.81
2 0.04 0.04 0.01

3 0.12 0.04 -0.11

4 -0.00 0.01 0.00
5 -0.06 0.04 -0.01
6 0.01 -0.01 0.06

7 1.74 0.22 -1.09
8 -3.37 -18.14 -12.14
9 -4.05 -20.01 -4.56
10 -20.24 6.05 0.36

11 19.74 -27.89 3.00
12 -179.26 -21.24 -0.02
13 -101.10 5.15 -0.67
14 -85.40 -15.65 1.30

0 0.05 0.02 0.00
1 9.57 3.25 6.47

2 0.03 0.05 0.01
3 0.14 0.02 -0.15
4 -0.03 0.01 0.00
5 -7.06 -6.27 -32.79

6 0.03 0.01 0.00

7 -149.24 31.31 76.15

8 -162.11 19.40 45.11
9 -156.41 -124.67 92.33

10 -156.85 11.94 17.88

11 161.91 -125.33 110.28
12 -179.75 -128.98 178.54
13 -172.88 -144.10 87.62

14 -156.41 42.68 72.88

0 -4.73 -0.55 -0.01

1 16.14 4.55 6.25
2 -15.05 -7.05 9.52
3 -23.93 106.90 27.83

4 -0.00 -0.01 0.09
5 -2.12 -3.81 -32.01
6 0.02 0.01 0.06
7 -155.32 114.27 114.38
8 -162.92 124.87 127.48

9 -171.04 -149.31 107.81
10 -168.58 10.65 -9.23
11 182.85 -146.03 144.65
12 -179.87 -154.45 178.43

13 -169.70 -157.41 75.78

14 -160.09 104.92 113.49

0 0.86 -1.27 -0.23

1 8.01 4.57 30.95
2 2.37 1.82 -0.97
3 -24.35 104.44 24.73

4 0.19 -0.73 -0.15
5 -1.22 -4.81 -30.08
6 -0.19 -0.38 -0.13

7 -177.81 87.30 32.16
8 26.70 -41.05 90.93
9 -48.39 -29.00 28.29
10 -49.80 8.50 -17.89

11 3.18 -50.90 -34.45
12 -0.97 -59.22 0.35
13 -48.24 -27.75 11.78

14 -38.22 26.36 71.11
0 0.13 0.48 -0.89

1 8.11 5.55 33.80
2 4.82 1.85 -5.53
3 -24.68 102.50 21.89
4 0.26 -0.55 0.13

5 -5.71 -0.38 -5.29
6 -0.18 -0.43 -0.13
7 -43.27 26.06 69.69
8 8.50 -8.32 85.33

9 -64.80 -22.77 21.43

10 -66.17 10.66 -2.21

11 3.18 -28.31 -34.70
12 -4.24 -18.81 -0.07

13 -65.73 2.18 -2.90
14 -45.88 28.15 71.17

0 0.13 0.61 -0.10
1 8.28 4.20 31.85
2 4.60 1.64 -5.54

3 -23.73 103.12 21.40
4 0.29 -0.49 0.16
5 -9.75 0.10 -4.42
6 -0.19 -0.38 -0.13
7 -49.90 31.21 73.30

8 7.10 -6.14 87.42
9 -77.29 -23.45 24.31
10 -75.57 17.66 -5.41
11 3.21 -32.36 -34.08

12 -3.81 -18.93 -0.05
13 -75.19 7.98 -4.70
14 -50.72 31.48 73.18

0 0.13 0.62 -0.10
1 7.84 5.22 30.15

2 4.40 1.59 -5.31

3 -23.90 102.80 21.04
4 0.43 0.56 0.39

5 -16.40 -0.10 -5.33
6 -0.19 -0.37 -0.13
7 -52.55 32.11 74.28
8 3.93 -0.23 95.01

9 -86.00 -15.09 16.98
10 -82.17 10.19 1.78
11 180.17 -34.00 -33.89
12 -179.93 -0.23 0.31

13 -86.80 11.80 -6.07
14 -56.25 34.44 74.62

0 -15.32 -45.86 6.92
1 14.25 0.97 13.52
2 -7.85 -20.27 -5.19
3 6.00 -18.02 -0.57

4 -17.69 38.73 5.85
5 -56.53 105.63 -160.19
6 -89.67 76.02 -66.95
7 0.36 177.96 118.57

8 1.90 1.30 96.91
9 -90.35 -13.90 16.68
10 -89.28 12.77 -1.62
11 -148.76 -34.14 -33.64

12 -179.88 -0.24 0.29

13 -87.00 13.20 -7.23
14 38.41 -23.14 107.28

0 -7.05 -28.20 -6.60

1 9.04 2.68 1.07

2 4.28 1.90 -8.44

3 -20.28 28.00 8.48

4 -2.54 -25.22 -13.12
5 19.65 -45.83 -2.77
6 69.40 -60.69 -42.78
7 -55.25 28.88 77.57

8 3.62 0.45 98.06
9 -91.90 -12.45 15.38
10 -88.60 14.11 -0.61

11 104.91 -31.22 -5.06
12 -179.84 -0.16 0.32
13 -87.65 14.22 -7.92
14 119.25 120.31 140.88

0 -174.54 -170.81 203.72
1 -160.87 -61.64 11.69

2 -129.44 -147.78 221.75
3 -149.54 105.89 157.95
4 153.02 -180.07 -95.55
5 185.28 173.05 159.66
6 160.93 -167.42 -138.55

7 126.78 115.59 130.90

8 1.39 0.93 92.45

9 -93.95 -12.63 15.90
10 -92.53 14.29 -0.23

11 -169.35 -37.89 -32.58

12 -173.92 -10.85 0.39
13 -92.94 -15.81 -5.05
14 169.31 132.81 114.94

0 -175.28 -142.44 188.80

1 -160.38 -64.79 74.43

2 202.23 -168.17 227.66
3 -141.11 82.91 87.97
4 147.82 -171.37 -88.78
5 188.39 -146.65 124.56

6 154.02 -157.41 -127.73
7 120.78 134.75 134.22
8 -6.97 6.42 92.12
9 -93.97 -16.78 20.66
10 -93.28 15.68 -1.62

11 -142.92 -41.51 -25.39
12 -173.71 -0.01 0.28
13 -90.25 15.92 -10.39
14 130.75 134.62 135.64

0 -174.23 -123.62 190.16
1 -159.40 -7.42 14.90

2 -134.48 -135.45 221.68

3 -153.68 55.23 233.30
4 144.02 -176.69 -65.61

5 172.57 -39.39 -52.20

6 156.33 -159.82 -121.03

7 112.90 175.43 177.09
8 -1.28 5.04 92.83
9 -95.19 -16.72 20.64

10 -94.07 16.01 -1.66
11 -165.12 -41.77 -29.59
12 -172.85 -0.02 0.28
13 -91.03 16.41 -10.24

14 115.85 177.16 178.50
0 -173.99 -124.49 -142.10

1 -159.80 -22.86 -6.86
2 -133.32 -145.11 225.12
3 -155.80 49.73 286.23
4 147.63 -10.61 -64.61

5 -127.74 147.17 -102.57
6 166.25 -162.04 172.66

7 116.21 178.93 179.53

8 -1.83 4.74 91.44

9 -95.67 -14.37 17.57

10 -92.25 16.04 -0.85

11 -166.37 -42.49 -27.08

12 -173.02 -0.18 0.42
13 -90.28 12.67 -8.05

14 121.32 180.04 179.76

0 -173.80 -164.02 189.48

1 -160.49 -15.90 -19.06
2 -127.90 -137.40 223.81
3 -153.51 45.92 285.85
4 151.38 -182.53 -67.50

5 182.52 56.33 -28.38
6 -185.70 0.89 53.82
7 -165.80 -157.88 133.99
8 172.99 155.76 -147.49

9 -162.13 19.73 -62.66

10 -169.81 25.35 -14.93

11 1.86 35.44 -34.93

12 -1.96 51.09 -0.22
13 -103.15 6.39 -13.49
14 3.97 165.29 190.36

0 -174.65 17.26 -23.99
1 -160.74 9.25 94.90

2 -127.60 -139.86 225.90
3 -153.86 46.14 284.03
4 151.89 -183.27 -66.22
5 187.67 13.51 -12.57

6 -185.55 -170.39 146.80
7 67.96 132.93 171.10
8 8.69 -170.19 109.24
9 -68.31 -25.73 23.42

10 -68.83 9.29 -15.96
11 28.42 -26.52 8.20
12 -3.69 -18.50 0.41

13 -69.01 -1.68 -20.59
14 75.10 132.88 172.86

0 -172.47 -164.63 -145.53
1 -160.64 -22.32 48.37
2 -128.00 -140.71 224.45
3 -128.65 6.57 -70.18

4 151.84 -183.21 -66.31
5 155.82 -30.99 -92.85
6 -74.85 -161.91 172.76

7 94.79 -173.89 186.60

8 8.75 -2.30 98.29
9 -82.66 -12.38 16.68
10 -82.61 8.01 1.75

11 -130.72 -38.80 -31.61

12 -175.07 -0.14 0.14
13 -90.71 17.55 -1.08

14 97.69 -178.53 186.94
0 -172.19 -165.86 -146.36

1 -160.75 -36.22 51.87
2 -127.94 -140.50 224.44
3 -45.18 -18.55 -66.22

4 151.68 -183.24 -65.21
5 174.78 -14.69 -84.88
6 -74.96 -157.98 172.30
7 95.73 -174.70 190.67
8 0.59 2.87 100.61
9 -87.70 -14.14 15.88

10 -87.95 10.77 -0.53

11 179.21 -37.80 -30.19

12 180.02 105.51 112.06
13 -99.37 12.32 -6.71

14 171.93 106.40 -106.27

0 165.43 -29.80 80.32

1 6.88 5.20 30.34
2 -24.23 -22.71 67.59
3 202.37 336.59 248.13
4 142.20 -174.79 -67.36

5 194.69 -2.26 -70.79
6 -173.13 -103.49 113.48
7 34.03 -162.26 124.87
8 0.92 1.87 98.09
9 -91.01 -11.27 18.15

10 -87.35 12.74 -1.42
11 -43.93 -29.48 -1.01
12 -67.89 39.31 63.36

13 -101.44 13.01 -6.94
14 19.77 -167.26 119.45

0 -175.86 -2.37 29.75
1 -157.68 -23.82 32.14
2 -152.41 -26.35 100.75
3 -148.45 14.83 213.89
4 130.17 -25.30 -63.37

5 179.17 -12.20 -88.92

6 168.64 175.27 128.25

7 180.63 177.10 166.59

8 -0.76 2.85 98.87
9 -92.32 -10.62 18.09
10 -88.56 12.96 -1.82
11 -153.55 -37.05 -27.50
12 -75.60 33.33 60.52

13 -103.21 13.63 -7.46

14 -148.21 111.61 139.28

0 -20.50 -26.25 -41.68
1 9.95 -10.04 -27.46
2 18.68 9.00 -6.63
3 12.05 9.74 -38.00

4 -2.80 3.58 -21.08
5 115.50 34.16 -28.44
6 -22.67 -156.34 -100.14
7 -55.75 44.36 91.17

8 -13.20 10.20 98.46
9 -92.32 -14.31 18.48
10 -88.61 15.80 -1.30
11 -103.11 -16.44 -5.94

12 -71.95 35.41 61.25
13 -102.47 17.80 -10.18
14 -63.93 35.72 79.33

0 -161.52 -2.85 -10.95

1 -134.73 -0.95 2.77
2 -107.62 3.00 -27.76
3 -72.73 116.33 52.74

4 82.37 -37.68 -37.14
5 129.53 -9.50 -61.22
6 -56.23 -147.96 -132.01

7 -57.89 33.98 77.30

8 -11.52 9.56 90.15

9 -93.89 -14.40 18.64
10 -92.05 16.07 -1.61

11 -171.85 -43.45 -28.22
12 -75.40 36.16 62.01

13 -89.65 16.71 -11.35

14 -53.45 29.38 79.71
0 -174.76 0.55 -12.11

1 -77.96 2.73 4.41
2 -27.85 -121.87 -34.83
3 113.12 199.37 78.72
4 96.48 1.33 5.25

5 125.69 -12.32 -52.83
6 -46.40 -148.88 -132.66
7 -44.45 35.75 94.06

8 -58.74 37.25 71.61

9 -98.12 -18.50 22.33

10 -92.16 15.79 -1.71

11 -170.62 -42.55 -30.27
12 -78.27 37.08 60.59
13 -90.08 16.65 -11.53
14 -43.85 36.55 94.47

0 -174.90 0.42 7.93

1 -94.34 2.50 12.05
2 -65.76 6.58 -31.51
3 -57.36 -16.33 -64.31
4 82.85 -40.96 -35.43
5 124.50 -12.78 -52.38

6 -52.54 -145.48 -127.54
7 -44.37 36.22 93.64
8 -10.62 7.04 91.94

9 -93.11 -14.81 20.50

10 -92.53 15.73 -1.79

11 -170.07 -42.49 -30.54

12 -78.32 37.08 60.58

13 -100.30 18.81 -12.03

14 -44.61 36.63 93.74

0 -175.29 1.13 7.75
1 -79.27 -0.71 11.63
2 -87.05 3.88 -30.39

3 -55.97 -10.01 -60.00
4 83.93 -39.24 -35.64
5 124.41 -12.93 -52.52
6 -51.91 -146.17 -126.93

7 -44.53 36.55 93.76
8 -15.37 11.30 90.17
9 -93.75 -14.07 19.74
10 170.86 0.30 5.00

11 -169.75 -42.38 -30.33
12 -78.48 37.10 60.59
13 -88.96 17.55 -9.63

14 -44.21 36.38 93.66

0 -176.02 1.34 7.48

1 -66.42 -0.60 11.53
2 -91.95 7.48 -30.27
3 -57.63 -8.69 -59.25

4 83.80 -40.56 -38.21

5 124.62 -13.88 -54.58

6 -52.48 -144.93 -127.32

7 -44.73 36.98 93.27

8 -15.38 11.30 90.15

9 -93.80 -14.31 19.90

10 170.96 0.31 4.93
11 -169.67 -42.39 -30.43
12 -78.54 37.15 60.56
13 -91.10 3.88 -22.16

14 -44.78 37.01 93.28
0 -174.07 -2.21 7.51

1 -75.09 3.91 10.94
2 -88.17 7.31 -30.17
3 -57.04 -9.64 -59.76
4 83.80 -40.66 -38.24
5 124.54 -13.87 -54.58

6 -52.53 -144.94 -127.24
7 -44.78 37.00 93.27
8 -15.09 11.23 89.86

9 -93.90 -14.31 19.93
10 170.93 0.30 4.92
11 -169.43 -42.43 -30.66
12 -77.63 37.30 61.03

13 -91.15 -12.61 -4.88
14 -44.92 36.96 93.13

0 -174.07 -2.21 7.57
1 -75.14 4.02 10.93
2 -88.10 7.41 -30.18

3 -57.67 -12.58 -57.09

4 83.78 -40.65 -38.13

5 124.68 -13.81 -54.56
6 -52.50 -144.98 -127.21

7 -44.95 36.97 93.13

8 -14.62 11.28 90.55

9 -93.89 -14.58 19.64

10 169.55 0.35 6.13
11 -169.39 -42.44 -30.65
12 -77.68 37.32 61.02
13 -91.15 -12.60 -4.83

14 -44.77 36.85 93.34
0 -174.29 -2.19 7.58

1 -74.85 4.03 10.85
2 -88.31 7.42 -30.19

3 -54.81 -12.32 -57.09
4 83.78 -40.65 -38.13

